#Board dimensions
10,10
#Board name
ejemplotablero
#Player current position, current exp, current health, maxHealth, current strength, steps, name
1,1,1,1,10,10,5,4,asdfasdf
#Map
2,0,0,0,0,0
2,0,1,0,0,0
2,0,2,0,0,0
2,0,3,0,0,0
2,0,4,0,0,0
2,0,5,0,0,1
2,0,6,0,0,1
2,0,7,0,0,1
2,0,8,0,0,1
2,0,9,0,0,1
2,1,0,0,0,0
2,1,3,1,0,1
2,1,6,0,0,1
5,1,7,0,1,3
2,1,9,0,0,1
2,2,0,0,0,0
3,2,5,2,1,1
2,2,6,0,0,1
3,2,7,3,1,1
2,2,9,0,0,1
2,3,0,0,0,1
3,3,2,2,1,0
2,3,6,0,0,1
3,3,8,2,2,1
2,3,9,0,0,1
2,4,0,0,0,1
3,4,4,1,1,0
3,4,6,1,1,1
2,4,9,0,0,1
2,5,0,0,0,1
2,5,1,0,0,1
2,5,2,0,0,1
2,5,3,0,0,1
2,5,4,0,0,1
2,5,5,0,0,1
2,5,6,0,0,1
3,5,8,1,2,1
2,5,9,0,0,1
2,6,0,0,0,1
3,6,2,3,2,1
3,6,4,2,2,1
2,6,9,0,0,1
2,7,0,0,0,1
4,7,1,0,1,5
3,7,8,1,2,1
2,7,9,0,0,1
2,8,0,0,0,1
3,8,1,2,3,1
3,8,7,3,2,1
2,8,9,0,0,1
2,9,0,0,0,1
2,9,1,0,0,1
2,9,2,0,0,1
2,9,3,0,0,1
2,9,4,0,0,1
2,9,5,0,0,1
2,9,6,0,0,1
2,9,7,0,0,1
2,9,8,0,0,1
2,9,9,0,0,1
